solid 
 facet normal -1.000000e+00  0.000000e+00 -0.000000e+00
   outer loop
     vertex -1.500000e+00  9.990000e-01 -1.000000e-03
     vertex -1.500000e+00  1.001000e+00 -1.001000e+00
     vertex -1.500000e+00  1.000000e-03 -9.990000e-01
   endloop
 endfacet
 facet normal -1.000000e+00  0.000000e+00 -0.000000e+00
   outer loop
     vertex -1.500000e+00 -9.990000e-01 -1.000000e-03
     vertex -1.500000e+00 -1.000000e-03 -9.990000e-01
     vertex -1.500000e+00 -1.001000e+00 -1.001000e+00
   endloop
 endfacet
 facet normal -1.000000e+00  0.000000e+00  0.000000e+00
   outer loop
     vertex -1.500000e+00  1.000000e-03  9.990000e-01
     vertex -1.500000e+00  1.001000e+00  1.001000e+00
     vertex -1.500000e+00  9.990000e-01  1.000000e-03
   endloop
 endfacet
 facet normal -1.000000e+00  0.000000e+00  0.000000e+00
   outer loop
     vertex -1.500000e+00 -1.001000e+00  1.001000e+00
     vertex -1.500000e+00 -1.000000e-03  9.990000e-01
     vertex -1.500000e+00 -9.990000e-01  1.000000e-03
   endloop
 endfacet
 facet normal -1.000000e+00  0.000000e+00  0.000000e+00
   outer loop
     vertex -1.500000e+00 -1.001000e+00  1.001000e+00
     vertex -1.500000e+00 -9.990000e-01 -1.000000e-03
     vertex -1.500000e+00 -1.001000e+00 -1.001000e+00
   endloop
 endfacet
 facet normal -1.000000e+00  0.000000e+00  0.000000e+00
   outer loop
     vertex -1.500000e+00 -1.001000e+00  1.001000e+00
     vertex -1.500000e+00 -9.990000e-01  1.000000e-03
     vertex -1.500000e+00 -9.990000e-01 -1.000000e-03
   endloop
 endfacet
 facet normal -1.000000e+00  0.000000e+00  0.000000e+00
   outer loop
     vertex -1.500000e+00 -1.001000e+00 -1.001000e+00
     vertex -1.500000e+00  1.000000e-03 -9.990000e-01
     vertex -1.500000e+00  1.001000e+00 -1.001000e+00
   endloop
 endfacet
 facet normal -1.000000e+00  0.000000e+00  0.000000e+00
   outer loop
     vertex -1.500000e+00 -1.001000e+00 -1.001000e+00
     vertex -1.500000e+00 -1.000000e-03 -9.990000e-01
     vertex -1.500000e+00  1.000000e-03 -9.990000e-01
   endloop
 endfacet
 facet normal -1.000000e+00  0.000000e+00  0.000000e+00
   outer loop
     vertex -1.500000e+00  1.001000e+00 -1.001000e+00
     vertex -1.500000e+00  9.990000e-01 -1.000000e-03
     vertex -1.500000e+00  1.001000e+00  1.001000e+00
   endloop
 endfacet
 facet normal -1.000000e+00  0.000000e+00  0.000000e+00
   outer loop
     vertex -1.500000e+00  9.990000e-01 -1.000000e-03
     vertex -1.500000e+00  9.990000e-01  1.000000e-03
     vertex -1.500000e+00  1.001000e+00  1.001000e+00
   endloop
 endfacet
 facet normal -1.000000e+00 -0.000000e+00  0.000000e+00
   outer loop
     vertex -1.500000e+00  1.001000e+00  1.001000e+00
     vertex -1.500000e+00  1.000000e-03  9.990000e-01
     vertex -1.500000e+00 -1.001000e+00  1.001000e+00
   endloop
 endfacet
 facet normal -1.000000e+00  0.000000e+00  0.000000e+00
   outer loop
     vertex -1.500000e+00  1.000000e-03  9.990000e-01
     vertex -1.500000e+00 -1.000000e-03  9.990000e-01
     vertex -1.500000e+00 -1.001000e+00  1.001000e+00
   endloop
 endfacet
 facet normal -7.071068e-01 -7.071068e-01  0.000000e+00
   outer loop
     vertex -1.001000e+00 -1.500000e+00  1.001000e+00
     vertex -1.500000e+00 -1.001000e+00  1.001000e+00
     vertex -1.500000e+00 -1.001000e+00 -1.001000e+00
   endloop
 endfacet
 facet normal -7.071068e-01 -7.071068e-01 -0.000000e+00
   outer loop
     vertex -1.001000e+00 -1.500000e+00  1.001000e+00
     vertex -1.500000e+00 -1.001000e+00 -1.001000e+00
     vertex -1.001000e+00 -1.500000e+00 -1.001000e+00
   endloop
 endfacet
 facet normal -7.071068e-01 -0.000000e+00 -7.071068e-01
   outer loop
     vertex -1.001000e+00  1.001000e+00 -1.500000e+00
     vertex -1.001000e+00 -1.001000e+00 -1.500000e+00
     vertex -1.500000e+00 -1.001000e+00 -1.001000e+00
   endloop
 endfacet
 facet normal -7.071068e-01  0.000000e+00 -7.071068e-01
   outer loop
     vertex -1.001000e+00  1.001000e+00 -1.500000e+00
     vertex -1.500000e+00 -1.001000e+00 -1.001000e+00
     vertex -1.500000e+00  1.001000e+00 -1.001000e+00
   endloop
 endfacet
 facet normal -7.071068e-01  0.000000e+00  7.071068e-01
   outer loop
     vertex -1.001000e+00  1.001000e+00  1.500000e+00
     vertex -1.500000e+00 -1.001000e+00  1.001000e+00
     vertex -1.001000e+00 -1.001000e+00  1.500000e+00
   endloop
 endfacet
 facet normal -7.071068e-01  0.000000e+00  7.071068e-01
   outer loop
     vertex -1.001000e+00  1.001000e+00  1.500000e+00
     vertex -1.500000e+00  1.001000e+00  1.001000e+00
     vertex -1.500000e+00 -1.001000e+00  1.001000e+00
   endloop
 endfacet
 facet normal -7.071068e-01  7.071068e-01  0.000000e+00
   outer loop
     vertex -1.001000e+00  1.500000e+00  1.001000e+00
     vertex -1.001000e+00  1.500000e+00 -1.001000e+00
     vertex -1.500000e+00  1.001000e+00 -1.001000e+00
   endloop
 endfacet
 facet normal -7.071068e-01  7.071068e-01  0.000000e+00
   outer loop
     vertex -1.001000e+00  1.500000e+00  1.001000e+00
     vertex -1.500000e+00  1.001000e+00 -1.001000e+00
     vertex -1.500000e+00  1.001000e+00  1.001000e+00
   endloop
 endfacet
 facet normal -7.071068e-01 -0.000000e+00 -7.071068e-01
   outer loop
     vertex -1.999000e+00  1.000000e-03 -5.000000e-01
     vertex -1.500000e+00 -1.000000e-03 -9.990000e-01
     vertex -1.999000e+00 -1.000000e-03 -5.000000e-01
   endloop
 endfacet
 facet normal -7.071068e-01  0.000000e+00 -7.071068e-01
   outer loop
     vertex -1.999000e+00  1.000000e-03 -5.000000e-01
     vertex -1.500000e+00  1.000000e-03 -9.990000e-01
     vertex -1.500000e+00 -1.000000e-03 -9.990000e-01
   endloop
 endfacet
 facet normal -5.773503e-01 -5.773503e-01 -5.773503e-01
   outer loop
     vertex -1.999000e+00 -5.000000e-01 -1.000000e-03
     vertex -1.999000e+00 -1.000000e-03 -5.000000e-01
     vertex -1.500000e+00 -1.000000e-03 -9.990000e-01
   endloop
 endfacet
 facet normal -5.773503e-01 -5.773503e-01 -5.773503e-01
   outer loop
     vertex -1.999000e+00 -5.000000e-01 -1.000000e-03
     vertex -1.500000e+00 -1.000000e-03 -9.990000e-01
     vertex -1.500000e+00 -9.990000e-01 -1.000000e-03
   endloop
 endfacet
 facet normal -5.773503e-01  5.773503e-01 -5.773503e-01
   outer loop
     vertex -1.999000e+00  5.000000e-01 -1.000000e-03
     vertex -1.500000e+00  1.000000e-03 -9.990000e-01
     vertex -1.999000e+00  1.000000e-03 -5.000000e-01
   endloop
 endfacet
 facet normal -5.773503e-01  5.773503e-01 -5.773503e-01
   outer loop
     vertex -1.999000e+00  5.000000e-01 -1.000000e-03
     vertex -1.500000e+00  9.990000e-01 -1.000000e-03
     vertex -1.500000e+00  1.000000e-03 -9.990000e-01
   endloop
 endfacet
 facet normal -7.071068e-01 -7.071068e-01 -0.000000e+00
   outer loop
     vertex -1.999000e+00 -5.000000e-01  1.000000e-03
     vertex -1.999000e+00 -5.000000e-01 -1.000000e-03
     vertex -1.500000e+00 -9.990000e-01 -1.000000e-03
   endloop
 endfacet
 facet normal -7.071068e-01 -7.071068e-01  0.000000e+00
   outer loop
     vertex -1.999000e+00 -5.000000e-01  1.000000e-03
     vertex -1.500000e+00 -9.990000e-01 -1.000000e-03
     vertex -1.500000e+00 -9.990000e-01  1.000000e-03
   endloop
 endfacet
 facet normal -7.071068e-01  7.071068e-01  0.000000e+00
   outer loop
     vertex -1.999000e+00  5.000000e-01  1.000000e-03
     vertex -1.500000e+00  9.990000e-01 -1.000000e-03
     vertex -1.999000e+00  5.000000e-01 -1.000000e-03
   endloop
 endfacet
 facet normal -7.071068e-01  7.071068e-01  0.000000e+00
   outer loop
     vertex -1.999000e+00  5.000000e-01  1.000000e-03
     vertex -1.500000e+00  9.990000e-01  1.000000e-03
     vertex -1.500000e+00  9.990000e-01 -1.000000e-03
   endloop
 endfacet
 facet normal -5.773503e-01 -5.773503e-01  5.773503e-01
   outer loop
     vertex -1.999000e+00 -5.000000e-01  1.000000e-03
     vertex -1.500000e+00 -1.000000e-03  9.990000e-01
     vertex -1.999000e+00 -1.000000e-03  5.000000e-01
   endloop
 endfacet
 facet normal -5.773503e-01 -5.773503e-01  5.773503e-01
   outer loop
     vertex -1.999000e+00 -5.000000e-01  1.000000e-03
     vertex -1.500000e+00 -9.990000e-01  1.000000e-03
     vertex -1.500000e+00 -1.000000e-03  9.990000e-01
   endloop
 endfacet
 facet normal -5.773503e-01  5.773503e-01  5.773503e-01
   outer loop
     vertex -1.999000e+00  1.000000e-03  5.000000e-01
     vertex -1.500000e+00  9.990000e-01  1.000000e-03
     vertex -1.999000e+00  5.000000e-01  1.000000e-03
   endloop
 endfacet
 facet normal -5.773503e-01  5.773503e-01  5.773503e-01
   outer loop
     vertex -1.999000e+00  1.000000e-03  5.000000e-01
     vertex -1.500000e+00  1.000000e-03  9.990000e-01
     vertex -1.500000e+00  9.990000e-01  1.000000e-03
   endloop
 endfacet
 facet normal -7.071068e-01  0.000000e+00  7.071068e-01
   outer loop
     vertex -1.999000e+00  1.000000e-03  5.000000e-01
     vertex -1.999000e+00 -1.000000e-03  5.000000e-01
     vertex -1.500000e+00 -1.000000e-03  9.990000e-01
   endloop
 endfacet
 facet normal -7.071068e-01  0.000000e+00  7.071068e-01
   outer loop
     vertex -1.999000e+00  1.000000e-03  5.000000e-01
     vertex -1.500000e+00 -1.000000e-03  9.990000e-01
     vertex -1.500000e+00  1.000000e-03  9.990000e-01
   endloop
 endfacet
 facet normal -5.773503e-01 -5.773503e-01 -5.773503e-01
   outer loop
     vertex -1.001000e+00 -1.500000e+00 -1.001000e+00
     vertex -1.500000e+00 -1.001000e+00 -1.001000e+00
     vertex -1.001000e+00 -1.001000e+00 -1.500000e+00
   endloop
 endfacet
 facet normal -5.773503e-01 -5.773503e-01  5.773503e-01
   outer loop
     vertex -1.001000e+00 -1.500000e+00  1.001000e+00
     vertex -1.001000e+00 -1.001000e+00  1.500000e+00
     vertex -1.500000e+00 -1.001000e+00  1.001000e+00
   endloop
 endfacet
 facet normal  0.000000e+00 -1.000000e+00 -0.000000e+00
   outer loop
     vertex -9.990000e-01 -1.500000e+00 -1.000000e-03
     vertex -1.001000e+00 -1.500000e+00 -1.001000e+00
     vertex -1.000000e-03 -1.500000e+00 -9.990000e-01
   endloop
 endfacet
 facet normal  0.000000e+00 -1.000000e+00 -0.000000e+00
   outer loop
     vertex  9.990000e-01 -1.500000e+00 -1.000000e-03
     vertex  1.000000e-03 -1.500000e+00 -9.990000e-01
     vertex  1.001000e+00 -1.500000e+00 -1.001000e+00
   endloop
 endfacet
 facet normal -0.000000e+00 -1.000000e+00  0.000000e+00
   outer loop
     vertex -1.000000e-03 -1.500000e+00  9.990000e-01
     vertex -1.001000e+00 -1.500000e+00  1.001000e+00
     vertex -9.990000e-01 -1.500000e+00  1.000000e-03
   endloop
 endfacet
 facet normal  0.000000e+00 -1.000000e+00  0.000000e+00
   outer loop
     vertex  1.001000e+00 -1.500000e+00  1.001000e+00
     vertex  1.000000e-03 -1.500000e+00  9.990000e-01
     vertex  9.990000e-01 -1.500000e+00  1.000000e-03
   endloop
 endfacet
 facet normal  0.000000e+00 -1.000000e+00  0.000000e+00
   outer loop
     vertex -1.001000e+00 -1.500000e+00 -1.001000e+00
     vertex -9.990000e-01 -1.500000e+00  1.000000e-03
     vertex -1.001000e+00 -1.500000e+00  1.001000e+00
   endloop
 endfacet
 facet normal  0.000000e+00 -1.000000e+00  0.000000e+00
   outer loop
     vertex -1.001000e+00 -1.500000e+00 -1.001000e+00
     vertex -9.990000e-01 -1.500000e+00 -1.000000e-03
     vertex -9.990000e-01 -1.500000e+00  1.000000e-03
   endloop
 endfacet
 facet normal  0.000000e+00 -1.000000e+00  0.000000e+00
   outer loop
     vertex -1.001000e+00 -1.500000e+00  1.001000e+00
     vertex -1.000000e-03 -1.500000e+00  9.990000e-01
     vertex  1.001000e+00 -1.500000e+00  1.001000e+00
   endloop
 endfacet
 facet normal  0.000000e+00 -1.000000e+00  0.000000e+00
   outer loop
     vertex -1.000000e-03 -1.500000e+00  9.990000e-01
     vertex  1.000000e-03 -1.500000e+00  9.990000e-01
     vertex  1.001000e+00 -1.500000e+00  1.001000e+00
   endloop
 endfacet
 facet normal  0.000000e+00 -1.000000e+00 -0.000000e+00
   outer loop
     vertex  1.001000e+00 -1.500000e+00  1.001000e+00
     vertex  9.990000e-01 -1.500000e+00  1.000000e-03
     vertex  1.001000e+00 -1.500000e+00 -1.001000e+00
   endloop
 endfacet
 facet normal  0.000000e+00 -1.000000e+00  0.000000e+00
   outer loop
     vertex  9.990000e-01 -1.500000e+00  1.000000e-03
     vertex  9.990000e-01 -1.500000e+00 -1.000000e-03
     vertex  1.001000e+00 -1.500000e+00 -1.001000e+00
   endloop
 endfacet
 facet normal  0.000000e+00 -1.000000e+00  0.000000e+00
   outer loop
     vertex  1.001000e+00 -1.500000e+00 -1.001000e+00
     vertex  1.000000e-03 -1.500000e+00 -9.990000e-01
     vertex -1.001000e+00 -1.500000e+00 -1.001000e+00
   endloop
 endfacet
 facet normal -0.000000e+00 -1.000000e+00  0.000000e+00
   outer loop
     vertex  1.000000e-03 -1.500000e+00 -9.990000e-01
     vertex -1.000000e-03 -1.500000e+00 -9.990000e-01
     vertex -1.001000e+00 -1.500000e+00 -1.001000e+00
   endloop
 endfacet
 facet normal -0.000000e+00  0.000000e+00 -1.000000e+00
   outer loop
     vertex -1.000000e-03 -9.990000e-01 -1.500000e+00
     vertex -1.001000e+00 -1.001000e+00 -1.500000e+00
     vertex -9.990000e-01 -1.000000e-03 -1.500000e+00
   endloop
 endfacet
 facet normal -0.000000e+00  0.000000e+00 -1.000000e+00
   outer loop
     vertex -1.000000e-03  9.990000e-01 -1.500000e+00
     vertex -9.990000e-01  1.000000e-03 -1.500000e+00
     vertex -1.001000e+00  1.001000e+00 -1.500000e+00
   endloop
 endfacet
 facet normal  0.000000e+00 -0.000000e+00 -1.000000e+00
   outer loop
     vertex  9.990000e-01 -1.000000e-03 -1.500000e+00
     vertex  1.001000e+00 -1.001000e+00 -1.500000e+00
     vertex  1.000000e-03 -9.990000e-01 -1.500000e+00
   endloop
 endfacet
 facet normal  0.000000e+00  0.000000e+00 -1.000000e+00
   outer loop
     vertex  1.001000e+00  1.001000e+00 -1.500000e+00
     vertex  9.990000e-01  1.000000e-03 -1.500000e+00
     vertex  1.000000e-03  9.990000e-01 -1.500000e+00
   endloop
 endfacet
 facet normal  0.000000e+00  0.000000e+00 -1.000000e+00
   outer loop
     vertex -1.001000e+00  1.001000e+00 -1.500000e+00
     vertex -9.990000e-01  1.000000e-03 -1.500000e+00
     vertex -1.001000e+00 -1.001000e+00 -1.500000e+00
   endloop
 endfacet
 facet normal  0.000000e+00 -0.000000e+00 -1.000000e+00
   outer loop
     vertex -9.990000e-01  1.000000e-03 -1.500000e+00
     vertex -9.990000e-01 -1.000000e-03 -1.500000e+00
     vertex -1.001000e+00 -1.001000e+00 -1.500000e+00
   endloop
 endfacet
 facet normal  0.000000e+00  0.000000e+00 -1.000000e+00
   outer loop
     vertex -1.001000e+00 -1.001000e+00 -1.500000e+00
     vertex  1.000000e-03 -9.990000e-01 -1.500000e+00
     vertex  1.001000e+00 -1.001000e+00 -1.500000e+00
   endloop
 endfacet
 facet normal  0.000000e+00  0.000000e+00 -1.000000e+00
   outer loop
     vertex -1.001000e+00 -1.001000e+00 -1.500000e+00
     vertex -1.000000e-03 -9.990000e-01 -1.500000e+00
     vertex  1.000000e-03 -9.990000e-01 -1.500000e+00
   endloop
 endfacet
 facet normal  0.000000e+00  0.000000e+00 -1.000000e+00
   outer loop
     vertex  1.001000e+00 -1.001000e+00 -1.500000e+00
     vertex  9.990000e-01 -1.000000e-03 -1.500000e+00
     vertex  1.001000e+00  1.001000e+00 -1.500000e+00
   endloop
 endfacet
 facet normal  0.000000e+00  0.000000e+00 -1.000000e+00
   outer loop
     vertex  9.990000e-01 -1.000000e-03 -1.500000e+00
     vertex  9.990000e-01  1.000000e-03 -1.500000e+00
     vertex  1.001000e+00  1.001000e+00 -1.500000e+00
   endloop
 endfacet
 facet normal -0.000000e+00  0.000000e+00 -1.000000e+00
   outer loop
     vertex  1.001000e+00  1.001000e+00 -1.500000e+00
     vertex  1.000000e-03  9.990000e-01 -1.500000e+00
     vertex -1.001000e+00  1.001000e+00 -1.500000e+00
   endloop
 endfacet
 facet normal  0.000000e+00  0.000000e+00 -1.000000e+00
   outer loop
     vertex  1.000000e-03  9.990000e-01 -1.500000e+00
     vertex -1.000000e-03  9.990000e-01 -1.500000e+00
     vertex -1.001000e+00  1.001000e+00 -1.500000e+00
   endloop
 endfacet
 facet normal -5.773503e-01  5.773503e-01 -5.773503e-01
   outer loop
     vertex -1.001000e+00  1.001000e+00 -1.500000e+00
     vertex -1.500000e+00  1.001000e+00 -1.001000e+00
     vertex -1.001000e+00  1.500000e+00 -1.001000e+00
   endloop
 endfacet
 facet normal  0.000000e+00  0.000000e+00  1.000000e+00
   outer loop
     vertex -1.000000e-03 -9.990000e-01  1.500000e+00
     vertex -9.990000e-01 -1.000000e-03  1.500000e+00
     vertex -1.001000e+00 -1.001000e+00  1.500000e+00
   endloop
 endfacet
 facet normal  0.000000e+00  0.000000e+00  1.000000e+00
   outer loop
     vertex -1.000000e-03  9.990000e-01  1.500000e+00
     vertex -1.001000e+00  1.001000e+00  1.500000e+00
     vertex -9.990000e-01  1.000000e-03  1.500000e+00
   endloop
 endfacet
 facet normal  0.000000e+00  0.000000e+00  1.000000e+00
   outer loop
     vertex  9.990000e-01 -1.000000e-03  1.500000e+00
     vertex  1.000000e-03 -9.990000e-01  1.500000e+00
     vertex  1.001000e+00 -1.001000e+00  1.500000e+00
   endloop
 endfacet
 facet normal  0.000000e+00  0.000000e+00  1.000000e+00
   outer loop
     vertex  1.001000e+00  1.001000e+00  1.500000e+00
     vertex  1.000000e-03  9.990000e-01  1.500000e+00
     vertex  9.990000e-01  1.000000e-03  1.500000e+00
   endloop
 endfacet
 facet normal  0.000000e+00  0.000000e+00  1.000000e+00
   outer loop
     vertex -1.001000e+00  1.001000e+00  1.500000e+00
     vertex -1.001000e+00 -1.001000e+00  1.500000e+00
     vertex -9.990000e-01  1.000000e-03  1.500000e+00
   endloop
 endfacet
 facet normal  0.000000e+00  0.000000e+00  1.000000e+00
   outer loop
     vertex -9.990000e-01  1.000000e-03  1.500000e+00
     vertex -1.001000e+00 -1.001000e+00  1.500000e+00
     vertex -9.990000e-01 -1.000000e-03  1.500000e+00
   endloop
 endfacet
 facet normal  0.000000e+00  0.000000e+00  1.000000e+00
   outer loop
     vertex -1.001000e+00 -1.001000e+00  1.500000e+00
     vertex  1.001000e+00 -1.001000e+00  1.500000e+00
     vertex  1.000000e-03 -9.990000e-01  1.500000e+00
   endloop
 endfacet
 facet normal  0.000000e+00  0.000000e+00  1.000000e+00
   outer loop
     vertex -1.001000e+00 -1.001000e+00  1.500000e+00
     vertex  1.000000e-03 -9.990000e-01  1.500000e+00
     vertex -1.000000e-03 -9.990000e-01  1.500000e+00
   endloop
 endfacet
 facet normal  0.000000e+00 -0.000000e+00  1.000000e+00
   outer loop
     vertex  1.001000e+00 -1.001000e+00  1.500000e+00
     vertex  1.001000e+00  1.001000e+00  1.500000e+00
     vertex  9.990000e-01 -1.000000e-03  1.500000e+00
   endloop
 endfacet
 facet normal  0.000000e+00  0.000000e+00  1.000000e+00
   outer loop
     vertex  9.990000e-01 -1.000000e-03  1.500000e+00
     vertex  1.001000e+00  1.001000e+00  1.500000e+00
     vertex  9.990000e-01  1.000000e-03  1.500000e+00
   endloop
 endfacet
 facet normal  0.000000e+00  0.000000e+00  1.000000e+00
   outer loop
     vertex  1.001000e+00  1.001000e+00  1.500000e+00
     vertex -1.001000e+00  1.001000e+00  1.500000e+00
     vertex  1.000000e-03  9.990000e-01  1.500000e+00
   endloop
 endfacet
 facet normal  0.000000e+00  0.000000e+00  1.000000e+00
   outer loop
     vertex  1.000000e-03  9.990000e-01  1.500000e+00
     vertex -1.001000e+00  1.001000e+00  1.500000e+00
     vertex -1.000000e-03  9.990000e-01  1.500000e+00
   endloop
 endfacet
 facet normal -5.773503e-01  5.773503e-01  5.773503e-01
   outer loop
     vertex -1.001000e+00  1.001000e+00  1.500000e+00
     vertex -1.001000e+00  1.500000e+00  1.001000e+00
     vertex -1.500000e+00  1.001000e+00  1.001000e+00
   endloop
 endfacet
 facet normal  0.000000e+00  1.000000e+00  0.000000e+00
   outer loop
     vertex -9.990000e-01  1.500000e+00 -1.000000e-03
     vertex -1.000000e-03  1.500000e+00 -9.990000e-01
     vertex -1.001000e+00  1.500000e+00 -1.001000e+00
   endloop
 endfacet
 facet normal  0.000000e+00  1.000000e+00  0.000000e+00
   outer loop
     vertex  9.990000e-01  1.500000e+00 -1.000000e-03
     vertex  1.001000e+00  1.500000e+00 -1.001000e+00
     vertex  1.000000e-03  1.500000e+00 -9.990000e-01
   endloop
 endfacet
 facet normal  0.000000e+00  1.000000e+00  0.000000e+00
   outer loop
     vertex -1.000000e-03  1.500000e+00  9.990000e-01
     vertex -9.990000e-01  1.500000e+00  1.000000e-03
     vertex -1.001000e+00  1.500000e+00  1.001000e+00
   endloop
 endfacet
 facet normal  0.000000e+00  1.000000e+00  0.000000e+00
   outer loop
     vertex  1.001000e+00  1.500000e+00  1.001000e+00
     vertex  9.990000e-01  1.500000e+00  1.000000e-03
     vertex  1.000000e-03  1.500000e+00  9.990000e-01
   endloop
 endfacet
 facet normal  0.000000e+00  1.000000e+00  0.000000e+00
   outer loop
     vertex -1.001000e+00  1.500000e+00 -1.001000e+00
     vertex -1.001000e+00  1.500000e+00  1.001000e+00
     vertex -9.990000e-01  1.500000e+00  1.000000e-03
   endloop
 endfacet
 facet normal  0.000000e+00  1.000000e+00  0.000000e+00
   outer loop
     vertex -1.001000e+00  1.500000e+00 -1.001000e+00
     vertex -9.990000e-01  1.500000e+00  1.000000e-03
     vertex -9.990000e-01  1.500000e+00 -1.000000e-03
   endloop
 endfacet
 facet normal -0.000000e+00  1.000000e+00  0.000000e+00
   outer loop
     vertex -1.001000e+00  1.500000e+00  1.001000e+00
     vertex  1.001000e+00  1.500000e+00  1.001000e+00
     vertex -1.000000e-03  1.500000e+00  9.990000e-01
   endloop
 endfacet
 facet normal  0.000000e+00  1.000000e+00  0.000000e+00
   outer loop
     vertex -1.000000e-03  1.500000e+00  9.990000e-01
     vertex  1.001000e+00  1.500000e+00  1.001000e+00
     vertex  1.000000e-03  1.500000e+00  9.990000e-01
   endloop
 endfacet
 facet normal  0.000000e+00  1.000000e+00  0.000000e+00
   outer loop
     vertex  1.001000e+00  1.500000e+00  1.001000e+00
     vertex  1.001000e+00  1.500000e+00 -1.001000e+00
     vertex  9.990000e-01  1.500000e+00  1.000000e-03
   endloop
 endfacet
 facet normal  0.000000e+00  1.000000e+00  0.000000e+00
   outer loop
     vertex  9.990000e-01  1.500000e+00  1.000000e-03
     vertex  1.001000e+00  1.500000e+00 -1.001000e+00
     vertex  9.990000e-01  1.500000e+00 -1.000000e-03
   endloop
 endfacet
 facet normal  0.000000e+00  1.000000e+00  0.000000e+00
   outer loop
     vertex  1.001000e+00  1.500000e+00 -1.001000e+00
     vertex -1.001000e+00  1.500000e+00 -1.001000e+00
     vertex -1.000000e-03  1.500000e+00 -9.990000e-01
   endloop
 endfacet
 facet normal  0.000000e+00  1.000000e+00  0.000000e+00
   outer loop
     vertex  1.001000e+00  1.500000e+00 -1.001000e+00
     vertex -1.000000e-03  1.500000e+00 -9.990000e-01
     vertex  1.000000e-03  1.500000e+00 -9.990000e-01
   endloop
 endfacet
 facet normal -5.551115e-14 -0.000000e+00 -1.000000e+00
   outer loop
     vertex -1.999000e+00  1.000000e-03 -5.000000e-01
     vertex -1.999000e+00 -1.000000e-03 -5.000000e-01
     vertex -2.001000e+00 -1.000000e-03 -5.000000e-01
   endloop
 endfacet
 facet normal -5.551115e-14  0.000000e+00 -1.000000e+00
   outer loop
     vertex -1.999000e+00  1.000000e-03 -5.000000e-01
     vertex -2.001000e+00 -1.000000e-03 -5.000000e-01
     vertex -2.001000e+00  1.000000e-03 -5.000000e-01
   endloop
 endfacet
 facet normal -3.933097e-14 -7.071068e-01 -7.071068e-01
   outer loop
     vertex -2.001000e+00 -5.000000e-01 -1.000000e-03
     vertex -2.001000e+00 -1.000000e-03 -5.000000e-01
     vertex -1.999000e+00 -1.000000e-03 -5.000000e-01
   endloop
 endfacet
 facet normal -3.925231e-14 -7.071068e-01 -7.071068e-01
   outer loop
     vertex -2.001000e+00 -5.000000e-01 -1.000000e-03
     vertex -1.999000e+00 -1.000000e-03 -5.000000e-01
     vertex -1.999000e+00 -5.000000e-01 -1.000000e-03
   endloop
 endfacet
 facet normal -3.933097e-14  7.071068e-01 -7.071068e-01
   outer loop
     vertex -2.001000e+00  5.000000e-01 -1.000000e-03
     vertex -1.999000e+00  1.000000e-03 -5.000000e-01
     vertex -2.001000e+00  1.000000e-03 -5.000000e-01
   endloop
 endfacet
 facet normal -3.925231e-14  7.071068e-01 -7.071068e-01
   outer loop
     vertex -2.001000e+00  5.000000e-01 -1.000000e-03
     vertex -1.999000e+00  5.000000e-01 -1.000000e-03
     vertex -1.999000e+00  1.000000e-03 -5.000000e-01
   endloop
 endfacet
 facet normal -5.551115e-14 -1.000000e+00 -0.000000e+00
   outer loop
     vertex -1.999000e+00 -5.000000e-01  1.000000e-03
     vertex -2.001000e+00 -5.000000e-01 -1.000000e-03
     vertex -1.999000e+00 -5.000000e-01 -1.000000e-03
   endloop
 endfacet
 facet normal -5.551115e-14 -1.000000e+00  0.000000e+00
   outer loop
     vertex -1.999000e+00 -5.000000e-01  1.000000e-03
     vertex -2.001000e+00 -5.000000e-01  1.000000e-03
     vertex -2.001000e+00 -5.000000e-01 -1.000000e-03
   endloop
 endfacet
 facet normal -5.551115e-14  1.000000e+00  0.000000e+00
   outer loop
     vertex -1.999000e+00  5.000000e-01  1.000000e-03
     vertex -1.999000e+00  5.000000e-01 -1.000000e-03
     vertex -2.001000e+00  5.000000e-01 -1.000000e-03
   endloop
 endfacet
 facet normal -5.551115e-14  1.000000e+00  0.000000e+00
   outer loop
     vertex -1.999000e+00  5.000000e-01  1.000000e-03
     vertex -2.001000e+00  5.000000e-01 -1.000000e-03
     vertex -2.001000e+00  5.000000e-01  1.000000e-03
   endloop
 endfacet
 facet normal -3.933097e-14 -7.071068e-01  7.071068e-01
   outer loop
     vertex -2.001000e+00 -5.000000e-01  1.000000e-03
     vertex -1.999000e+00 -1.000000e-03  5.000000e-01
     vertex -2.001000e+00 -1.000000e-03  5.000000e-01
   endloop
 endfacet
 facet normal -3.925231e-14 -7.071068e-01  7.071068e-01
   outer loop
     vertex -2.001000e+00 -5.000000e-01  1.000000e-03
     vertex -1.999000e+00 -5.000000e-01  1.000000e-03
     vertex -1.999000e+00 -1.000000e-03  5.000000e-01
   endloop
 endfacet
 facet normal -3.933097e-14  7.071068e-01  7.071068e-01
   outer loop
     vertex -2.001000e+00  1.000000e-03  5.000000e-01
     vertex -1.999000e+00  5.000000e-01  1.000000e-03
     vertex -2.001000e+00  5.000000e-01  1.000000e-03
   endloop
 endfacet
 facet normal -3.925231e-14  7.071068e-01  7.071068e-01
   outer loop
     vertex -2.001000e+00  1.000000e-03  5.000000e-01
     vertex -1.999000e+00  1.000000e-03  5.000000e-01
     vertex -1.999000e+00  5.000000e-01  1.000000e-03
   endloop
 endfacet
 facet normal -5.551115e-14  0.000000e+00  1.000000e+00
   outer loop
     vertex -1.999000e+00  1.000000e-03  5.000000e-01
     vertex -2.001000e+00 -1.000000e-03  5.000000e-01
     vertex -1.999000e+00 -1.000000e-03  5.000000e-01
   endloop
 endfacet
 facet normal -5.551115e-14  0.000000e+00  1.000000e+00
   outer loop
     vertex -1.999000e+00  1.000000e-03  5.000000e-01
     vertex -2.001000e+00  1.000000e-03  5.000000e-01
     vertex -2.001000e+00 -1.000000e-03  5.000000e-01
   endloop
 endfacet
 facet normal -0.000000e+00 -7.071068e-01 -7.071068e-01
   outer loop
     vertex  1.001000e+00 -1.001000e+00 -1.500000e+00
     vertex -1.001000e+00 -1.500000e+00 -1.001000e+00
     vertex -1.001000e+00 -1.001000e+00 -1.500000e+00
   endloop
 endfacet
 facet normal  0.000000e+00 -7.071068e-01 -7.071068e-01
   outer loop
     vertex  1.001000e+00 -1.001000e+00 -1.500000e+00
     vertex  1.001000e+00 -1.500000e+00 -1.001000e+00
     vertex -1.001000e+00 -1.500000e+00 -1.001000e+00
   endloop
 endfacet
 facet normal  0.000000e+00 -7.071068e-01  7.071068e-01
   outer loop
     vertex  1.001000e+00 -1.001000e+00  1.500000e+00
     vertex -1.001000e+00 -1.001000e+00  1.500000e+00
     vertex -1.001000e+00 -1.500000e+00  1.001000e+00
   endloop
 endfacet
 facet normal  0.000000e+00 -7.071068e-01  7.071068e-01
   outer loop
     vertex  1.001000e+00 -1.001000e+00  1.500000e+00
     vertex -1.001000e+00 -1.500000e+00  1.001000e+00
     vertex  1.001000e+00 -1.500000e+00  1.001000e+00
   endloop
 endfacet
 facet normal  7.071068e-01 -7.071068e-01  0.000000e+00
   outer loop
     vertex  1.500000e+00 -1.001000e+00  1.001000e+00
     vertex  1.001000e+00 -1.500000e+00 -1.001000e+00
     vertex  1.500000e+00 -1.001000e+00 -1.001000e+00
   endloop
 endfacet
 facet normal  7.071068e-01 -7.071068e-01  0.000000e+00
   outer loop
     vertex  1.500000e+00 -1.001000e+00  1.001000e+00
     vertex  1.001000e+00 -1.500000e+00  1.001000e+00
     vertex  1.001000e+00 -1.500000e+00 -1.001000e+00
   endloop
 endfacet
 facet normal  0.000000e+00 -7.071068e-01 -7.071068e-01
   outer loop
     vertex -1.000000e-03 -1.999000e+00 -5.000000e-01
     vertex  1.000000e-03 -1.500000e+00 -9.990000e-01
     vertex  1.000000e-03 -1.999000e+00 -5.000000e-01
   endloop
 endfacet
 facet normal  0.000000e+00 -7.071068e-01 -7.071068e-01
   outer loop
     vertex -1.000000e-03 -1.999000e+00 -5.000000e-01
     vertex -1.000000e-03 -1.500000e+00 -9.990000e-01
     vertex  1.000000e-03 -1.500000e+00 -9.990000e-01
   endloop
 endfacet
 facet normal  5.773503e-01 -5.773503e-01 -5.773503e-01
   outer loop
     vertex  5.000000e-01 -1.999000e+00 -1.000000e-03
     vertex  1.000000e-03 -1.999000e+00 -5.000000e-01
     vertex  1.000000e-03 -1.500000e+00 -9.990000e-01
   endloop
 endfacet
 facet normal  5.773503e-01 -5.773503e-01 -5.773503e-01
   outer loop
     vertex  5.000000e-01 -1.999000e+00 -1.000000e-03
     vertex  1.000000e-03 -1.500000e+00 -9.990000e-01
     vertex  9.990000e-01 -1.500000e+00 -1.000000e-03
   endloop
 endfacet
 facet normal -5.773503e-01 -5.773503e-01 -5.773503e-01
   outer loop
     vertex -5.000000e-01 -1.999000e+00 -1.000000e-03
     vertex -1.000000e-03 -1.500000e+00 -9.990000e-01
     vertex -1.000000e-03 -1.999000e+00 -5.000000e-01
   endloop
 endfacet
 facet normal -5.773503e-01 -5.773503e-01 -5.773503e-01
   outer loop
     vertex -5.000000e-01 -1.999000e+00 -1.000000e-03
     vertex -9.990000e-01 -1.500000e+00 -1.000000e-03
     vertex -1.000000e-03 -1.500000e+00 -9.990000e-01
   endloop
 endfacet
 facet normal  7.071068e-01 -7.071068e-01  0.000000e+00
   outer loop
     vertex  5.000000e-01 -1.999000e+00  1.000000e-03
     vertex  5.000000e-01 -1.999000e+00 -1.000000e-03
     vertex  9.990000e-01 -1.500000e+00 -1.000000e-03
   endloop
 endfacet
 facet normal  7.071068e-01 -7.071068e-01  0.000000e+00
   outer loop
     vertex  5.000000e-01 -1.999000e+00  1.000000e-03
     vertex  9.990000e-01 -1.500000e+00 -1.000000e-03
     vertex  9.990000e-01 -1.500000e+00  1.000000e-03
   endloop
 endfacet
 facet normal -7.071068e-01 -7.071068e-01 -0.000000e+00
   outer loop
     vertex -5.000000e-01 -1.999000e+00  1.000000e-03
     vertex -9.990000e-01 -1.500000e+00 -1.000000e-03
     vertex -5.000000e-01 -1.999000e+00 -1.000000e-03
   endloop
 endfacet
 facet normal -7.071068e-01 -7.071068e-01  0.000000e+00
   outer loop
     vertex -5.000000e-01 -1.999000e+00  1.000000e-03
     vertex -9.990000e-01 -1.500000e+00  1.000000e-03
     vertex -9.990000e-01 -1.500000e+00 -1.000000e-03
   endloop
 endfacet
 facet normal  5.773503e-01 -5.773503e-01  5.773503e-01
   outer loop
     vertex  5.000000e-01 -1.999000e+00  1.000000e-03
     vertex  1.000000e-03 -1.500000e+00  9.990000e-01
     vertex  1.000000e-03 -1.999000e+00  5.000000e-01
   endloop
 endfacet
 facet normal  5.773503e-01 -5.773503e-01  5.773503e-01
   outer loop
     vertex  5.000000e-01 -1.999000e+00  1.000000e-03
     vertex  9.990000e-01 -1.500000e+00  1.000000e-03
     vertex  1.000000e-03 -1.500000e+00  9.990000e-01
   endloop
 endfacet
 facet normal -5.773503e-01 -5.773503e-01  5.773503e-01
   outer loop
     vertex -1.000000e-03 -1.999000e+00  5.000000e-01
     vertex -9.990000e-01 -1.500000e+00  1.000000e-03
     vertex -5.000000e-01 -1.999000e+00  1.000000e-03
   endloop
 endfacet
 facet normal -5.773503e-01 -5.773503e-01  5.773503e-01
   outer loop
     vertex -1.000000e-03 -1.999000e+00  5.000000e-01
     vertex -1.000000e-03 -1.500000e+00  9.990000e-01
     vertex -9.990000e-01 -1.500000e+00  1.000000e-03
   endloop
 endfacet
 facet normal  0.000000e+00 -7.071068e-01  7.071068e-01
   outer loop
     vertex -1.000000e-03 -1.999000e+00  5.000000e-01
     vertex  1.000000e-03 -1.999000e+00  5.000000e-01
     vertex  1.000000e-03 -1.500000e+00  9.990000e-01
   endloop
 endfacet
 facet normal  0.000000e+00 -7.071068e-01  7.071068e-01
   outer loop
     vertex -1.000000e-03 -1.999000e+00  5.000000e-01
     vertex  1.000000e-03 -1.500000e+00  9.990000e-01
     vertex -1.000000e-03 -1.500000e+00  9.990000e-01
   endloop
 endfacet
 facet normal  0.000000e+00  7.071068e-01 -7.071068e-01
   outer loop
     vertex  1.001000e+00  1.500000e+00 -1.001000e+00
     vertex -1.001000e+00  1.001000e+00 -1.500000e+00
     vertex -1.001000e+00  1.500000e+00 -1.001000e+00
   endloop
 endfacet
 facet normal  0.000000e+00  7.071068e-01 -7.071068e-01
   outer loop
     vertex  1.001000e+00  1.500000e+00 -1.001000e+00
     vertex  1.001000e+00  1.001000e+00 -1.500000e+00
     vertex -1.001000e+00  1.001000e+00 -1.500000e+00
   endloop
 endfacet
 facet normal  7.071068e-01  0.000000e+00 -7.071068e-01
   outer loop
     vertex  1.500000e+00  1.001000e+00 -1.001000e+00
     vertex  1.500000e+00 -1.001000e+00 -1.001000e+00
     vertex  1.001000e+00 -1.001000e+00 -1.500000e+00
   endloop
 endfacet
 facet normal  7.071068e-01  0.000000e+00 -7.071068e-01
   outer loop
     vertex  1.500000e+00  1.001000e+00 -1.001000e+00
     vertex  1.001000e+00 -1.001000e+00 -1.500000e+00
     vertex  1.001000e+00  1.001000e+00 -1.500000e+00
   endloop
 endfacet
 facet normal -7.071068e-01  0.000000e+00 -7.071068e-01
   outer loop
     vertex -5.000000e-01 -1.000000e-03 -1.999000e+00
     vertex -9.990000e-01  1.000000e-03 -1.500000e+00
     vertex -5.000000e-01  1.000000e-03 -1.999000e+00
   endloop
 endfacet
 facet normal -7.071068e-01  0.000000e+00 -7.071068e-01
   outer loop
     vertex -5.000000e-01 -1.000000e-03 -1.999000e+00
     vertex -9.990000e-01 -1.000000e-03 -1.500000e+00
     vertex -9.990000e-01  1.000000e-03 -1.500000e+00
   endloop
 endfacet
 facet normal -5.773503e-01  5.773503e-01 -5.773503e-01
   outer loop
     vertex -1.000000e-03  5.000000e-01 -1.999000e+00
     vertex -5.000000e-01  1.000000e-03 -1.999000e+00
     vertex -9.990000e-01  1.000000e-03 -1.500000e+00
   endloop
 endfacet
 facet normal -5.773503e-01  5.773503e-01 -5.773503e-01
   outer loop
     vertex -1.000000e-03  5.000000e-01 -1.999000e+00
     vertex -9.990000e-01  1.000000e-03 -1.500000e+00
     vertex -1.000000e-03  9.990000e-01 -1.500000e+00
   endloop
 endfacet
 facet normal -5.773503e-01 -5.773503e-01 -5.773503e-01
   outer loop
     vertex -1.000000e-03 -5.000000e-01 -1.999000e+00
     vertex -9.990000e-01 -1.000000e-03 -1.500000e+00
     vertex -5.000000e-01 -1.000000e-03 -1.999000e+00
   endloop
 endfacet
 facet normal -5.773503e-01 -5.773503e-01 -5.773503e-01
   outer loop
     vertex -1.000000e-03 -5.000000e-01 -1.999000e+00
     vertex -1.000000e-03 -9.990000e-01 -1.500000e+00
     vertex -9.990000e-01 -1.000000e-03 -1.500000e+00
   endloop
 endfacet
 facet normal  0.000000e+00  7.071068e-01 -7.071068e-01
   outer loop
     vertex  1.000000e-03  5.000000e-01 -1.999000e+00
     vertex -1.000000e-03  5.000000e-01 -1.999000e+00
     vertex -1.000000e-03  9.990000e-01 -1.500000e+00
   endloop
 endfacet
 facet normal  0.000000e+00  7.071068e-01 -7.071068e-01
   outer loop
     vertex  1.000000e-03  5.000000e-01 -1.999000e+00
     vertex -1.000000e-03  9.990000e-01 -1.500000e+00
     vertex  1.000000e-03  9.990000e-01 -1.500000e+00
   endloop
 endfacet
 facet normal -0.000000e+00 -7.071068e-01 -7.071068e-01
   outer loop
     vertex  1.000000e-03 -5.000000e-01 -1.999000e+00
     vertex -1.000000e-03 -9.990000e-01 -1.500000e+00
     vertex -1.000000e-03 -5.000000e-01 -1.999000e+00
   endloop
 endfacet
 facet normal  0.000000e+00 -7.071068e-01 -7.071068e-01
   outer loop
     vertex  1.000000e-03 -5.000000e-01 -1.999000e+00
     vertex  1.000000e-03 -9.990000e-01 -1.500000e+00
     vertex -1.000000e-03 -9.990000e-01 -1.500000e+00
   endloop
 endfacet
 facet normal  5.773503e-01  5.773503e-01 -5.773503e-01
   outer loop
     vertex  1.000000e-03  5.000000e-01 -1.999000e+00
     vertex  9.990000e-01  1.000000e-03 -1.500000e+00
     vertex  5.000000e-01  1.000000e-03 -1.999000e+00
   endloop
 endfacet
 facet normal  5.773503e-01  5.773503e-01 -5.773503e-01
   outer loop
     vertex  1.000000e-03  5.000000e-01 -1.999000e+00
     vertex  1.000000e-03  9.990000e-01 -1.500000e+00
     vertex  9.990000e-01  1.000000e-03 -1.500000e+00
   endloop
 endfacet
 facet normal  5.773503e-01 -5.773503e-01 -5.773503e-01
   outer loop
     vertex  5.000000e-01 -1.000000e-03 -1.999000e+00
     vertex  1.000000e-03 -9.990000e-01 -1.500000e+00
     vertex  1.000000e-03 -5.000000e-01 -1.999000e+00
   endloop
 endfacet
 facet normal  5.773503e-01 -5.773503e-01 -5.773503e-01
   outer loop
     vertex  5.000000e-01 -1.000000e-03 -1.999000e+00
     vertex  9.990000e-01 -1.000000e-03 -1.500000e+00
     vertex  1.000000e-03 -9.990000e-01 -1.500000e+00
   endloop
 endfacet
 facet normal  7.071068e-01  0.000000e+00 -7.071068e-01
   outer loop
     vertex  5.000000e-01 -1.000000e-03 -1.999000e+00
     vertex  5.000000e-01  1.000000e-03 -1.999000e+00
     vertex  9.990000e-01  1.000000e-03 -1.500000e+00
   endloop
 endfacet
 facet normal  7.071068e-01  0.000000e+00 -7.071068e-01
   outer loop
     vertex  5.000000e-01 -1.000000e-03 -1.999000e+00
     vertex  9.990000e-01  1.000000e-03 -1.500000e+00
     vertex  9.990000e-01 -1.000000e-03 -1.500000e+00
   endloop
 endfacet
 facet normal  0.000000e+00  7.071068e-01  7.071068e-01
   outer loop
     vertex  1.001000e+00  1.500000e+00  1.001000e+00
     vertex -1.001000e+00  1.500000e+00  1.001000e+00
     vertex -1.001000e+00  1.001000e+00  1.500000e+00
   endloop
 endfacet
 facet normal  0.000000e+00  7.071068e-01  7.071068e-01
   outer loop
     vertex  1.001000e+00  1.500000e+00  1.001000e+00
     vertex -1.001000e+00  1.001000e+00  1.500000e+00
     vertex  1.001000e+00  1.001000e+00  1.500000e+00
   endloop
 endfacet
 facet normal  7.071068e-01  0.000000e+00  7.071068e-01
   outer loop
     vertex  1.500000e+00  1.001000e+00  1.001000e+00
     vertex  1.001000e+00 -1.001000e+00  1.500000e+00
     vertex  1.500000e+00 -1.001000e+00  1.001000e+00
   endloop
 endfacet
 facet normal  7.071068e-01  0.000000e+00  7.071068e-01
   outer loop
     vertex  1.500000e+00  1.001000e+00  1.001000e+00
     vertex  1.001000e+00  1.001000e+00  1.500000e+00
     vertex  1.001000e+00 -1.001000e+00  1.500000e+00
   endloop
 endfacet
 facet normal  0.000000e+00 -7.071068e-01  7.071068e-01
   outer loop
     vertex  1.000000e-03 -5.000000e-01  1.999000e+00
     vertex -1.000000e-03 -5.000000e-01  1.999000e+00
     vertex -1.000000e-03 -9.990000e-01  1.500000e+00
   endloop
 endfacet
 facet normal  0.000000e+00 -7.071068e-01  7.071068e-01
   outer loop
     vertex  1.000000e-03 -5.000000e-01  1.999000e+00
     vertex -1.000000e-03 -9.990000e-01  1.500000e+00
     vertex  1.000000e-03 -9.990000e-01  1.500000e+00
   endloop
 endfacet
 facet normal -5.773503e-01 -5.773503e-01  5.773503e-01
   outer loop
     vertex -1.288279e-01 -4.291084e-01  1.942064e+00
     vertex -1.398444e-01 -4.263836e-01  1.933772e+00
     vertex -1.000000e-03 -5.000000e-01  1.999000e+00
   endloop
 endfacet
 facet normal -5.773503e-01 -5.773503e-01  5.773503e-01
   outer loop
     vertex -1.510049e-01 -4.231168e-01  1.925878e+00
     vertex -1.000000e-03 -9.990000e-01  1.500000e+00
     vertex -1.000000e-03 -5.000000e-01  1.999000e+00
   endloop
 endfacet
 facet normal -5.773503e-01 -5.773503e-01  5.773503e-01
   outer loop
     vertex -1.510049e-01 -4.231168e-01  1.925878e+00
     vertex -1.000000e-03 -5.000000e-01  1.999000e+00
     vertex -1.398444e-01 -4.263836e-01  1.933772e+00
   endloop
 endfacet
 facet normal -5.773503e-01 -5.773503e-01  5.773503e-01
   outer loop
     vertex -1.179818e-01 -4.312846e-01  1.950734e+00
     vertex -1.288279e-01 -4.291084e-01  1.942064e+00
     vertex -1.000000e-03 -5.000000e-01  1.999000e+00
   endloop
 endfacet
 facet normal -5.773503e-01 -5.773503e-01  5.773503e-01
   outer loop
     vertex -1.622827e-01 -4.193158e-01  1.918402e+00
     vertex -1.000000e-03 -9.990000e-01  1.500000e+00
     vertex -1.510049e-01 -4.231168e-01  1.925878e+00
   endloop
 endfacet
 facet normal -5.773503e-01 -5.773503e-01  5.773503e-01
   outer loop
     vertex -1.073322e-01 -4.329070e-01  1.959761e+00
     vertex -1.179818e-01 -4.312846e-01  1.950734e+00
     vertex -1.000000e-03 -5.000000e-01  1.999000e+00
   endloop
 endfacet
